local Animations = {
	-- Punch 1 Frame
	["LeftPunch"] = {
		Reference = {
			{0, 0, 0, 0.866025388, 0, -0.5, 0, 1, 0, 0.5, 0, 0.866025388},
			{0, 0, 0, 0.866025388, 0, 0.5, 0, 1, 0, -0.5, 0, 0.866025388},
			{0.286788225, 0.409576029, 0.5, 0.819152057, 6.83983048e-09, 0.57357645, -0.57357645, 9.76829018e-09, 0.819152057, 0, -1, 1.19248806e-08},
			{0.286788225, 0.509576023, 0.5, 0.819151998, 1.28204327e-08, 0.57357645, -0.57357645, 1.8309473e-08, 0.819151998, 0, -1, 2.23517418e-08},
			{-0.199238941, 0.0173648149, 0.298480779, 0.816034853, 0.087155737, 0.571393967, -0.121112742, 0.992403865, 0.0215936899, -0.56517154, -0.0868243128, 0.820391774},
			{0.298858434, 0.0252557956, -0.293232739, 0.763129294, -0.087155737, 0.640341759, 0.230855763, 0.962250233, -0.144152984, -0.603605211, 0.257833958, 0.754441738},
		},
		Priority = 1,
	};
	-- Punch 2 Frame
	["RightPunch"] = {
		Reference = {
			{0, 0, 0, 0.57357651, 0, 0.819151998, 0, 1, 0, -0.819151998, 0, 0.57357651},
			{0, 0, 0, 0.57357645, 0, -0.819152057, 0, 1, 0, 0.819152057, 0, 0.57357645},
			{-0.383022219, 0.821393847, 0.5, 0.642787695, -9.13498788e-09, -0.766044438, 0.766044438, 7.66516628e-09, 0.642787695, 0, -1, 1.19248806e-08},
			{0.190423995, 0.286788225, 0.5, 0.57357645, -1.8309473e-08, -0.819151998, 0.819151998, 1.28204327e-08, 0.57357645, 0, -1, 2.23517418e-08},
			{-0.281691581, 0.0562698804, -0.215805724, 0.498097837, 0.0871557221, -0.862729907, -0.266236812, 0.962250233, -0.0565023646, 0.825237632, 0.257834017, 0.502498627},
			{0.268858403, -0.0262565985, 0.320882171, 0.571394086, -0.0871557444, -0.816034853, 0.121194199, 0.992403865, -0.0211315453, 0.811677814, -0.0868242085, 0.577616334},
		},
		Priority = 1,
	};
	-- Knee Combo Frame
	["LeftKnee1"] = {
		Reference = {
			{0, 0, 0, 0.984816372, -0.0295701902, -0.171060875, -0.000592213648, 0.984807849, -0.173646778, 0.173596859, 0.171111509, 0.969837248},
			{0, 0, 0, 0.984807789, 0, 0.17364797, -0.0301536173, 0.984807789, 0.171009868, -0.171009868, -0.17364797, 0.969846368},
			{0.120623864, 0.448699474, 0.319371969, 0.994663239, -0.0941250324, -0.0422542691, 0.0508272946, 0.0906295776, 0.994586825, -0.0897860378, -0.991426706, 0.0949300528},
			{-0.00149269402, 0.825790882, 0.39311564, 0.946747184, 0.108624145, 0.30310142, -0.3020114, -0.0267493892, 0.95292896, 0.111618869, -0.993722975, 0.00748077035},
			{0, 0, 0.600000024, 0.965925813, 0, 0.258819044, -0.0449433997, 0.984807789, 0.167731062, -0.254887015, -0.17364797, 0.951251268},
			{0, 0.100000001, 0, 0.98480773, 0, 0.173648149, 0.0868240744, 0.866025388, -0.492403865, -0.150383711, 0.5, 0.852868497},
		},
		Priority = 1,
	};
	["LeftKnee2"] = {
		Reference = {
			{0, 0, 0, 0.98480773, 0, 0.173648179, 0, 1, 0, -0.173648179, 0, 0.98480773},
			{0, 0, 0, 0.984807789, 0, -0.17364797, 0, 1, 0, 0.17364797, 0, 0.984807789},
			{-0.219433278, -0.0927138552, -0.282962918, 0.868049085, 0.320414603, -0.379242927, -0.488522977, 0.687436521, -0.537379086, 0.0885213241, 0.651740372, 0.753258586},
			{0.300000012, 0, -0.400000006, 0.939692616, -0.196174696, 0.280166477, 0.342020124, 0.53898555, -0.769751132, 0, 0.819152057, 0.57357645},
			{0, 0, 0, 0.965925872, 0, -0.258818865, -0.0449434258, 0.98480773, -0.16773127, 0.254886806, 0.173648179, 0.951251268},
			{0, -0.838094652, 0.525046229, 0.965925872, 0, -0.258818835, -0.109381571, 0.906307757, -0.408217907, 0.23456952, 0.42261827, 0.875426114},
		},
		Priority = 1,
	};
	-- Dash Start
	["DashStart"] = {
		Reference = {
			{0, 0, 0, 0.940461338, 0.0225575455, 0.339151382, 0.0669871867, 0.965925872, -0.249999806, -0.333234459, 0.257833958, 0.906904876},
			{0, 0, 0, 0.866025329, 0.171010137, -0.469846487, -0.0868240148, 0.976850808, 0.195509791, 0.492404073, -0.128522471, 0.8608253},
			{0, 0.200000003, -0.300000012, 0.939692616, 0.342020124, 0, -0.196174651, 0.538985431, -0.819152117, -0.280166507, 0.769751191, 0.573576331},
			{0, -0.099999994, -0.100000001, 0.965925813, -0.212012157, 0.148452505, 0.258819044, 0.791240096, -0.554032326, 0, 0.57357645, 0.819152057},
			{-0.200000003, -0.103527538, 0.386370361, 0.965925872, 0.0449434184, -0.254886776, -0.0669871867, 0.994663298, -0.0784704685, 0.249999806, 0.0928708017, 0.963781595},
			{0.100000001, -0.984700739, 0.962518454, 0.965925872, 0.0449433662, -0.254886806, -0.0669871867, 0.994663298, -0.078470692, 0.249999806, 0.0928710401, 0.963781655},
		},
		Priority = 1,
	};
	-- Actual dashing
	["Dashing"] = {
		Reference = {
			{0, 0, 0, 0.94026643, 0.190713868, 0.282005787, 0.0654541925, 0.711631179, -0.699497342, -0.334087998, 0.676172495, 0.656639874},
			{0, 0, 0, 0.886533141, 0.232063904, -0.400255978, 0.0855115056, 0.768020093, 0.634690642, 0.454693824, -0.596900582, 0.661031425},
			{-0.0054795742, 0.0681689382, -0.354009867, 0.979984164, 0.1821675, 0.0802843869, -0.113422856, 0.842356861, -0.526848018, -0.163602874, 0.507196486, 0.846159101},
			{-0.0193357468, -0.0751804113, -0.118211985, 0.975841522, -0.082667768, 0.202235237, 0.206315085, 0.653235018, -0.728503108, -0.0718834028, 0.752628088, 0.6545102},
			{-0.223407805, -0.327560902, 0.022005558, 0.964004397, 0.0831764787, -0.252540678, -0.197116286, 0.860995412, -0.46886009, 0.178438351, 0.501763821, 0.846399784},
			{0.0485352874, -1.3925848, 0.192988157, 0.964841306, 0.0755338073, -0.251744896, -0.173789591, 0.90188849, -0.39546442, 0.1971751, 0.425311863, 0.883307219},
		},
		Priority = 1,
	};
	-- Dash engind (Slowing down
	["DashEnd"] = {
		Reference = {
			{0, 0, 0, 0.994458616, -0.0998476595, 0.0328967422, 0.0695660412, 0.859626472, 0.506164253, -0.0788182467, -0.501070857, 0.861809313},
			{-0.0280873869, -0.0744744316, 0.208959341, 0.979341567, -0.0276785046, -0.200300276, -0.0546103865, 0.917566776, -0.393802851, 0.194689691, 0.396608293, 0.897102654},
			{-0.0054795742, 0.275696188, 0.342529356, 0.979984164, 0.1821675, 0.0802843869, -0.187384248, 0.707932234, 0.680968583, 0.0672145188, -0.682382107, 0.72789824},
			{-0.164342403, 0.513204217, 0.429322511, 0.977781951, -0.209081724, -0.0150251091, 0.136041328, 0.578403533, 0.804326534, -0.159479856, -0.788499057, 0.593996048},
			{-0.214952528, -0.442551017, 0.174243107, 0.965999365, 0.0524768718, -0.253159583, -0.135598883, 0.936534762, -0.323281109, 0.220128551, 0.346617937, 0.911810219},
			{0.0893180966, -0.0713652521, -0.0513314195, 0.9656201, 0.0375817716, -0.257223189, -0.0820105746, 0.983001828, -0.164245725, 0.246678874, 0.17969425, 0.952291012},
		},
		Priority = 1,
	};
	-- Super Jump
	["SuperJumpCrouch"] = {
		Reference = {
			{-1.76951289e-08, 0.491491079, 0.344145775, 0.99999994, 8.18789481e-16, 0, 0, 0.819152057, -0.57357645, 0, 0.57357645, 0.819151998},
			{0, 0, 0, 1, 0, 0, 0, 0.939692616, -0.342020124, 0, 0.342020124, 0.939692616},
			{-0.200000003, 0, 0.300000012, 0.965925813, 0.129409507, 0.224143878, -0.258819044, 0.482962877, 0.836516321, 0, -0.866025448, 0.49999997},
			{0.300000012, 0, 0.300000012, 0.939692616, -0.196174696, -0.280166477, 0.342020124, 0.53898555, 0.769751132, 0, -0.819152057, 0.57357645},
			{0, -0.5, 0, 1, 0, 0, 0, 0.766044438, -0.642787576, 0, 0.642787576, 0.766044438},
			{0, -0.699999988, 1.20000005, 1, 0, 0, 0, 0.939692557, 0.342020363, 0, -0.342020363, 0.939692557},
		},
		Priority = 1,
	};
	-- Over Head Magic 1
	["RightShoulderMagic1"] = {
		Reference = {
			{0, 0, 0, 0.98480767, 8.43671888e-09, 0.173647955, -0.0301536582, 0.98480773, 0.171010047, -0.171009839, -0.173648179, 0.969846129},
			{0, 0, 0, 0.984806955, -0.030153675, -0.171009943, 1.17657333e-08, 0.984807611, -0.173648134, 0.173648015, 0.171009928, 0.969845295},
			{0.091012992, 1.2832886, -0.200000003, 0.98480767, -0.157378688, -0.0733869001, -0.173648164, -0.892538905, -0.416197807, 0, 0.42261833, -0.906307757},
			{0, 0.400000006, 0.400000006, 0.98480773, -0.0733868852, -0.157378703, 0.171010077, 0.252496243, 0.952366114, -0.0301536545, -0.964810908, 0.261210173},
			{-0.0912844241, -0.000380530953, -0.400000006, 0.928401709, 0.0200609863, -0.371036232, -0.170084, 0.910735488, -0.376340657, 0.330366075, 0.412502617, 0.848940372},
			{0.29923895, 0.0174311474, 0, 0.936116815, -0.144996747, -0.320407957, 0.0818996057, 0.97588408, -0.202343345, 0.342020124, 0.163175717, 0.925416589},
		},
		Priority = 1,
	};
	["RightShoulderMagic2"] = {
		Reference = {
			{0, 0, 0, 0.981122255, 0.0605394989, -0.183666989, -0.0896839574, 0.983869851, -0.154779822, 0.171334162, 0.168329805, 0.970726073},
			{0, 0, 0, 0.981226206, -0.0885042846, 0.17133005, 0.11856126, 0.977576375, -0.174027547, -0.152085721, 0.191073149, 0.969716787},
			{0.00114071369, 0.353802919, 0.12874341, 0.904344499, -0.240171432, 0.352808833, -0.302103698, 0.223698229, 0.926654339, -0.301478922, -0.944602966, 0.129743293},
			{0.185522914, 0.0205924511, -0.196270227, 0.879224896, -0.3670488, 0.303703487, 0.474498451, 0.617741108, -0.627091646, 0.042563282, 0.6954633, 0.717298627},
			{0.01514256, -0.054020226, -0.324960947, 0.948207319, -0.0964199305, 0.302658916, 0.217902958, 0.890723109, -0.398910463, -0.231122211, 0.444200933, 0.865600407},
			{0.235403419, 0.0800476074, 0.367139935, 0.982301116, -0.170821682, 0.0767771006, 0.128217116, 0.91220957, 0.389140487, -0.136510193, -0.372412324, 0.917967021},
		},
		Priority = 1,
	};
	-- Right Leg wind-up kick
	["RightKick1"] = {
		Reference = {
			{-0.0422620773, -0.0906307697, -1.1920929e-07, 0.821393311, 0.4226183, 0.383021802, -0.38302207, 0.906307757, -0.178606004, -0.422617882, -1.71349264e-08, 0.906307161},
			{-0.180265337, -0.00641002506, -0.141861498, 0.748493791, -0.345558614, -0.565986872, 0.445598125, 0.894182801, 0.0433489755, 0.491115808, -0.284649253, 0.823270202},
			{-0.265798002, 0.0939692631, -0.300000012, 0.939692616, 0.2961981, -0.171010062, -0.342020124, 0.813797653, -0.469846308, 0, 0.5, 0.866025388},
			{0.119643569, 0.815676987, 0.699999988, 0.859085739, -0.431942225, -0.274578035, 0.296223879, -0.0178876221, 0.954950213, -0.417395443, -0.901721954, 0.11258503},
			{-0.669620752, -0.299859375, -0.012518838, 0.772770882, 0.63025111, 0.0748531595, -0.505777299, 0.682776034, -0.527256608, -0.383412302, 0.369593233, 0.8463974},
			{0.548657477, 0.0740906224, 0.539846718, 0.851149738, -0.398573637, -0.341580033, 0.418814242, 0.907933354, -0.0158227962, 0.316438437, -0.129590839, 0.939716578},
		},
		Priority = 1,
	};
	["RightKick2"] = {
		Reference = {
			{-0.0469522476, -0.0867679119, 0.0163374543, 0.851916075, 0.469519764, -0.231924117, -0.396601558, 0.86767447, 0.299746394, 0.341971338, -0.163377345, 0.925398052},
			{-0.0312367883, -0.010555177, 0.0579477549, 0.911940098, -0.373739779, 0.169352666, 0.404002368, 0.890001953, -0.211373135, -0.0717256218, 0.261179179, 0.96262002},
			{-0.265798002, 0.0939692631, -0.300000012, 0.939692616, 0.2961981, -0.171010062, -0.342020124, 0.813797653, -0.469846308, 0, 0.5, 0.866025388},
			{0.451815367, 0.434257507, -0.454304218, 0.386812925, -0.722736061, 0.572735429, 0.921491146, 0.279348344, -0.269846201, 0.0350353122, 0.632152259, 0.774050415},
			{-0.220445395, 1.49449325, 1.2187891, 0.961592972, 0.237131819, 0.138222083, -0.156107619, 0.0582898855, 0.98601675, 0.225757778, -0.96972692, 0.093069151},
			{0.76650238, 0.0698533654, 0.0742530823, 0.851092637, -0.397782832, 0.342651755, 0.474536866, 0.862070978, -0.177900195, -0.224624485, 0.314010441, 0.922464848},
		},
		Priority = 1,
	};
	-- Raised Arm Cast
	["Charge1"] = {
		Reference = {
			{0, 0, 0, 0.999999821, -0.000297238003, -1.29803084e-05, 0.000297238264, 0.99619472, 0.0871550441, -1.29749533e-05, -0.0871550366, 0.996194601},
			{0, 0, 0, 0.999999344, 0.000297238614, -1.29758846e-05, -0.000297238672, 0.99619472, -0.0871552378, -1.29812397e-05, 0.0871551484, 0.996193886},
			{0.336317956, 0.782518625, 0.307497978, 0.866025209, -0.469846308, 0.171010107, -0.5, -0.813797653, 0.2961981, 2.32830644e-10, -0.342020214, -0.939692438},
			{-0.0857249498, 0.804180145, 0.442655087, 0.905269921, 0.296650648, -0.304110885, 0.408813894, -0.80301559, 0.433631867, -0.115568683, -0.516878963, -0.848221421},
			{-0.10747838, 0.0173684359, -0.0902591348, 0.992403448, 0.100639485, 0.0707547367, -0.0871556774, 0.981060386, -0.172987312, -0.0868240371, 0.165506661, 0.982378602},
			{0.198527813, 0.0175490379, 0.016694665, 0.992403686, -0.100639455, -0.0707547739, 0.0871557146, 0.981060326, -0.172987342, 0.0868240595, 0.165506661, 0.98237896},
		},
		Priority = 1,
	};
	["Charge2"] = {
		Reference = {
			{-0.000177672831, 0.295441866, -0.0520940423, 0.999999106, -0.000592216384, -5.18169254e-05, 0.000592216733, 0.98480767, 0.173647538, -5.18062152e-05, -0.173647493, 0.984806716},
			{-0.000988255721, -0.0776453018, -0.289773107, 0.999995291, -0.00144130737, -0.000319543062, 0.00144130841, 0.906307697, 0.422613859, -0.000319518847, -0.422615409, 0.906304002},
			{-0.277324677, 0.321445048, 0.330813169, 0.866400421, 0.411993712, 0.282139599, -0.499304771, 0.708006382, 0.499413073, 0.00599837815, -0.573572159, 0.81913048},
			{0.218513966, 0.349456429, 0.358568907, 0.905691385, -0.384327471, -0.178892806, 0.409393847, 0.683434069, 0.604402959, -0.110027574, -0.620649695, 0.776325226},
			{-0.131024599, -0.279144406, -0.0647268891, 0.992403924, 0.100639366, 0.0707547963, -0.0871556848, 0.981060386, -0.172986954, -0.0868240222, 0.165506229, 0.982379496},
			{0.224681854, -0.313742042, 0.0538916588, 0.99240005, -0.100639433, -0.0707543194, 0.0871553943, 0.981060207, -0.172986478, 0.0868237689, 0.165506408, 0.98237288},
		},
		Priority = 1,
	};

	-- Uppercut
	["Uppercut1"] = {
		Reference = {
			{-0.0684036016, 0.187938452, 0.00023329258, 0.882952332, -0.342018068, 0.321587414, 0.321790725, 0.939692616, 0.115881056, -0.341826767, 0.00116642646, 0.939761996},
			{0, 0, 0, 0.860746086, 0.129104227, -0.492384493, -0.195804715, 0.976850629, -0.0861568227, 0.469862521, 0.170569956, 0.86609894},
			{-0.387488484, -0.0633772016, 0.236860037, 0.497158825, -0.668019056, -0.553698778, 0.432243586, -0.362643987, 0.82562238, -0.752327144, -0.649799109, 0.108455747},
			{-0.0597438216, -0.616796315, -0.126326799, 0.809450567, 0.435935676, -0.393365532, -0.421265632, -0.035528101, -0.906235576, -0.409037948, 0.89927125, 0.154886484},
			{-0.596909046, -0.103376448, -0.415918112, 0.861614645, 0.340729892, -0.376183093, -0.48671177, 0.764884591, -0.421973228, 0.143956646, 0.546671569, 0.824872911},
			{-0.197894216, 0.100798726, -0.0260212421, 0.820228815, 0.294165343, -0.490597665, -0.364994109, 0.929505467, -0.0528946146, 0.440452963, 0.222451344, 0.869775236},
		},
		Modifier = {
			{0, 0, 0, 0, 0, 0},
			{0, 0, 0, 0, 0, 0},
			{0, 0, 0, 0, 0, 0},
			{-.5, 0.5, -.5, math.rad(180), 0, math.rad(180)},
			{0, 0, 0, 0, 0, 0},
			{0, 0, 0, 0, 0, 0},
		},
		Priority = 1,
	};
	["Uppercut2"] = {
		Reference = {
			{-0.449086398, -0.467464924, 0.76144433, 0.853540421, 0.0627123863, -0.517237484, 0.0221041813, 0.987477481, 0.156202957, 0.520556211, -0.144758672, 0.84146589},
			{0, 0, 0, 0.929255128, -0.00739773922, 0.369344831, 0.075970009, 0.982255638, -0.171463251, -0.361522794, 0.187393636, 0.913328052},
			{-0.100544214, 1.51369405, 0.00336515903, 0.227823853, -0.734746456, -0.638937891, -0.216881648, -0.678002477, 0.702332854, -0.949238062, -0.0214337818, -0.313817918},
			{0.381722927, -0.447992265, 0.120408535, 0.454763055, -0.849961519, 0.2659958, -0.825984657, -0.290820181, 0.482873082, -0.333066344, -0.439303756, -0.834309816},
			{-0.202194035, -0.508444786, 0.0477362275, 0.966120124, 0.11417523, 0.23145014, -0.0505623892, 0.963173985, -0.264078856, -0.253078341, 0.243431062, 0.936315238},
			{0.280358255, 0.0602868199, -0.302656293, 0.884199321, -0.0860220194, 0.459118396, 0.187002972, 0.965881348, -0.179172054, -0.428041339, 0.244280919, 0.870118022},
		},
		Modifier = {
			{0, 0, 0, 0, 0, 0},
			{0, 0, 0, 0, 0, 0},
			{0, 0, 0, 0, 0, 0},
			{-.5, -0.5, 0.5, math.rad(180), 0, math.rad(180)},
			{0, 0, 0, 0, 0, 0},
			{0, 0, 0, 0, 0, 0},
		},
		Priority = 1,
	};

	-- LeftKick
	["LeftKick"] = {
		Reference = {
			{0.476390302, 0.387310505, 0.512868345, 0.777862012, -0.208486989, 0.592842758, -0.137822971, 0.86380291, 0.484612197, -0.613134623, -0.458668947, 0.643185139},
			{-0.202496752, -0.197396755, -0.00525009632, 0.660715342, -0.194618002, -0.72495681, -0.122656405, 0.924829364, -0.360058457, 0.740536928, 0.326819301, 0.587177575},
			{0.501502752, 0.342209041, -0.0876710415, -0.588586807, -0.791915774, 0.162579119, -0.757459342, 0.610489607, 0.231418028, -0.282516748, 0.0130633116, -0.959170222},
			{0.525043249, -0.885269463, 0.187921643, 0.291855514, -0.941730261, 0.167217508, -0.435714662, 0.0247270763, 0.899739325, -0.851447225, -0.335455865, -0.403108418},
			{-0.277119011, 0.178968608, -0.388644785, 0.922530055, 0.367058039, 0.119169652, -0.263332963, 0.82446593, -0.500908494, -0.282114536, 0.430723846, 0.857253194},
			{1.37271321, 1.01044393, 0.449518085, 0.486156166, -0.872231066, 0.0534895882, 0.582421601, 0.369043231, 0.724277437, -0.65147835, -0.320962548, 0.687420547},
		},
		Modifier = {
			{0, 0, 0, 0, 0, 0},
			{0, 0, 0, 0, 0, 0},
			{0, 0, 0, 0, 0, 0},
			{-1, 0.5, 1.5, math.rad(180), 0, math.rad(180)},
			{0, 0, 0, 0, 0, 0},
			{0, 0, 0, 0, 0, 0},
		},
		Priority = 1,
	};

	-- Summoning
	["SummonGroundCast"] = {
		Reference = {
			{-0.153806359, 0.50837636, 0.726565361, 0.985287666, -0.170895904, -0.00140408985, 0.0968062505, 0.56486243, -0.819486856, 0.140840113, 0.807294726, 0.573095858},
			{-0.00136464834, -0.399996281, -0.399993539, 0.985282242, 0.0968058109, 0.140839607, -0.170895398, 0.564862847, 0.807293236, -0.00140390871, -0.819484293, 0.573093414},
			{0.15769875, 0.535284281, 0.698501647, 0.985686362, 0.155243486, 0.0656532049, -0.144379646, 0.576637983, 0.804139853, 0.0869801641, -0.802112341, 0.590799332},
			{0.265798002, 0.0939692631, 0.300000012, 0.939692616, -0.321393758, -0.116977848, 0.342020124, 0.88302213, 0.321393996, 0, -0.342020363, 0.939692557},
			{-0.189397126, -0.560849905, 0.222627521, 0.966055274, 0.136126012, 0.219530359, -0.0750887766, 0.961161852, -0.265562445, -0.24715519, 0.240068704, 0.93876338},
			{0.0049456954, -0.676186919, 1.45007253, 0.996307194, 0.0482816696, 0.0709447861, -0.0772937983, 0.864046752, 0.497441351, -0.037282262, -0.50108844, 0.864589512},
		},
		Priority = 1,
	};

	-- Long Cast 1
	["LongCastStart"] = {
		Reference = {
			{0.000445901416, -1.49429202, 0.130732834, 0.999999762, -0.000297238614, -1.29805412e-05, 0.000297238905, 0.99619472, 0.0871552303, -1.29747204e-05, -0.0871552229, 0.996194541},
			{0.000679490622, -0.0174307823, 0.199237585, 0.999998569, 0.000592214463, -5.1807845e-05, -0.000592213997, 0.984807968, -0.173646882, -5.18171582e-05, 0.173646778, 0.984806359},
			{-0.666275561, 0.88939786, 0.467388988, 0.422021657, -0.112240821, -0.89960891, 0.906484187, 0.0374990925, 0.420568287, -0.0134704486, -0.992972612, 0.117570117},
			{0.581759632, 0.777134478, 0.39678359, 0.507796347, 0.116583258, 0.853550076, -0.861134708, 0.0408351868, 0.506731212, 0.0242215171, -0.992340326, 0.121130057},
			{0, -0.5, 0, 1, 0, 0, 0, 0.965925813, -0.258819044, 0, 0.258819044, 0.965925813},
			{0, -0.200000003, 0, 1, 0, 0, 0, 0.906307757, -0.42261827, 0, 0.42261827, 0.906307757},
		},
		Priority = 1,
	};
	["LongCastFinish"] = {
		Reference = {
			{0.00088836439, -1.47721171, 0.260470331, 0.999999523, -0.000592214172, -5.18171582e-05, 0.00059221522, 0.984807849, 0.173646972, -5.18066809e-05, -0.173646942, 0.984807491},
			{0.000679490622, 0.0999995545, 0.173203737, 0.999998569, 0.000592214463, -5.1807845e-05, -0.000514834363, 0.906307101, 0.422618657, 0.000297233928, -0.4226197, 0.90630579},
			{-0.117909387, 0.646955311, 0.467389107, 0.25938949, 0.110085413, 0.959476471, -0.9656775, 0.0434212275, 0.256083488, -0.0134706199, -0.992972553, 0.117570162},
			{-0.0183280706, 0.653688431, 0.498399734, 0.249584615, -0.0668251067, -0.966041267, 0.967698812, 0.0537918285, 0.246291384, 0.0355069861, -0.996313035, 0.0780924857},
			{-0.386824101, -0.0924038589, 0, 0.98480773, 0.167731255, -0.0449434556, -0.173648179, 0.951251209, -0.254886985, 0, 0.258819044, 0.965925813},
			{0.434729636, -0.196961552, 0, 0.98480773, -0.157378688, 0.0733868927, 0.173648179, 0.892538905, -0.416197747, 0, 0.42261827, 0.906307757},
		},
		Priority = 1,
	};

	--Dash Right
	["DashRight"] = {
		Reference = {
			{0, 0, 0, 0.965925753, -1.42313308e-08, -0.258818775, 1.22409123e-08, 1, -9.30193167e-09, 0.258818775, 5.8167906e-09, 0.965925753},
			{0, 0, 0, 0.965925097, 1.22408954e-08, 0.258818626, -1.42313361e-08, 1, 5.81677284e-09, -0.258818626, -9.30194233e-09, 0.965925097},
			{0.861687541, 0.859111905, 0.243682325, 0.29734993, -0.865701735, 0.402665168, 0.669655859, 0.489714324, 0.558334351, -0.680542231, 0.103626467, 0.725338638},
			{0.248579502, 0.306417584, 0.0656987429, 0.66610992, -0.74061358, -0.0882457644, 0.74061358, 0.642787695, 0.195741937, -0.0882458538, -0.195741907, 0.976675749},
			{-0.295262337, 0, 0.0531017184, 0.90630573, 1.88763636e-08, 0.422617316, -2.43493794e-08, 1, 7.55194662e-09, -0.422617316, -1.7134969e-08, 0.90630573},
			{0.0999992788, 0, -0.000341057777, 0.96592474, 1.22408972e-08, 0.258818746, -1.42313477e-08, 1, 5.81676574e-09, -0.258818746, -9.30196364e-09, 0.96592474},
		},
		Priority = 1,
	};

	-- Dash Left
	["DashLeft"] = {
		Reference = {
			{0, 0, 0, 0.984807193, 8.43672865e-09, 0.173648283, -9.32419297e-09, 1, 4.29482583e-09, -0.173648283, -5.84872595e-09, 0.984807193},
			{0, 0, 0, 0.984804511, -9.32419297e-09, -0.173647806, 8.43669756e-09, 1, -5.84878634e-09, 0.173647806, 4.29473701e-09, 0.984804511},
			{0.33274889, 0.22630626, 0.0898147821, -0.633011937, -0.766145766, -0.11094898, -0.774066806, 0.624557734, 0.103625983, -0.0100980848, 0.151479468, -0.988400877},
			{0.557019711, 0.997426271, -0.283229828, -0.225390345, -0.941827953, 0.249316156, -0.55797106, 0.334563315, 0.759427249, -0.79866159, 0.0320566259, -0.600920022},
			{-0.0492449105, 0, -0.137169957, 0.939684808, -1.92524787e-08, -0.342017293, 1.57294799e-08, 1, -1.30737163e-08, 0.342017293, 6.9050472e-09, 0.939684808},
			{0.37772423, 5.96046448e-08, 0.108162761, 0.939685762, -1.92525231e-08, -0.342017949, 1.57294942e-08, 1, -1.30736773e-08, 0.342017949, 6.90508273e-09, 0.939685762},
		},
		Priority = 1,
	};

	-- Front flipping
	["FrontFlip"] = {
		Reference = {
			{0, 0, 0, 0.999999881, -5.96295568e-10, -2.32830644e-10, 5.96299787e-10, 1, 1.7484453e-07, 2.32830644e-10, -1.74844502e-07, 0.999999881},
			{0, -0.200000003, 0.600000024, 0.999997795, 0.00195614947, -0.000616749981, -0.00195613899, 0.819151938, -0.573573232, -0.000616783043, 0.573573172, 0.819153965},
			{0.28488642, 0.812674046, 0.59866333, 0.705709398, -0.00309092947, -0.708494127, 0.643037975, 0.42261824, 0.63866657, 0.297448456, -0.906302452, 0.300233155},
			{-0.13701731, 0.688116312, 0.357342482, 0.76748085, -0.00320471311, 0.641062796, -0.601563513, 0.342020094, 0.721900702, -0.22156994, -0.939687073, 0.260566056},
			{-0.0999994278, -0.835885167, -0.995638371, 0.999999881, 8.04911693e-16, -2.32830644e-10, -2.32830644e-10, 0.642787635, -0.766044319, 0, 0.766044438, 0.642787635},
			{0.099999398, -1.499856, -0.000309109688, 0.99999994, 8.18789481e-16, 0, 1.16415322e-10, 0.906307757, -0.42261821, 2.32830644e-10, 0.42261827, 0.906307638},
		},
		Priority = 1,
	};
	-- Hammer Idle Anim
	["HammerIdle-1"] = {
		Reference = {
			{-0, 0, -0, 1, 0, 0, 0, 0.987562239, -0.157228529, 0, 0.157228529, 0.987562239},
			{-0, 0, 0, 0.969392896, 0.0518834442, 0.239970028, 0, 0.9774158, -0.211325124, -0.245514765, 0.204857066, 0.947499931},
			{-0.264852226, 0.870432734, -0.537210822, 0.967367113, 0.250336975, 0.0391435996, 0.136060432, -0.382901251, -0.913714528, -0.213748366, 0.889223278, -0.404467046},
			{-0.0274483953, 0.145915002, -0.0645630658, 0.894377768, -0.11368975, 0.432623297, 0.247797877, 0.931124032, -0.267589897, -0.3724038, 0.346529603, 0.860948801},
			{-0.0448370837, -0.034096539, 0.60215199, 0.997239232, 0.0086132139, -0.0737546086, 0, 0.993249893, 0.115993753, 0.0742558464, -0.11567352, 0.990507782},
			{0.402613461, 0.0456209853, -0.0184418019, 0.979727149, -0.172196329, 0.102387056, 0.171263635, 0.985062599, 0.017898025, -0.103939645, 0, 0.994583607},
			{0, 0, 0, 1, 0, 0, 0, 1, 0, 0, 0, 1},
		},
		Modifier = {
			{0, 0, 0, 0, 0, 0},
			{0, 0, 0, 0, 0, 0},
			{0, 0, 0, 0, 0, 0},
			{0, 0, 0, 0, 0, 0},
			{0, 0, 0, 0, 0, 0},
			{0, 0, 0, 0, 0, 0},
			{0, 0, 0, 0, 0, 0},
		},
		Priority = 1,
	};
	["HammerIdle-2"] = {
		Reference = {
			{-0, 0, -0, 1, 0, 0, 0, 0.976961374, -0.213416055, 0, 0.213416055, 0.976961374},
			{0, 0, 0, 0.986033976, -0.00549962232, 0.166453704, 0.0358098447, 0.983078897, -0.17964828, -0.16264914, 0.183099955, 0.969546199},
			{-0.264852166, 0.870432615, -0.537210763, 0.967367172, 0.250336945, 0.0391435623, 0.136060417, -0.382901162, -0.913714409, -0.213748395, 0.889223218, -0.404466927},
			{-0.0274483971, 0.145914987, -0.0645630509, 0.894377828, -0.113689743, 0.432623386, 0.247797847, 0.931123972, -0.267589897, -0.3724038, 0.346529633, 0.860948682},
			{-0.0448370837, 0.0245689154, 0.679354489, 0.997239232, 0.0086132139, -0.0737546086, 0.00721458392, 0.977312148, 0.211681187, 0.0739045367, -0.211628884, 0.974551857},
			{0.402613461, 0.0456209853, -0.0184418019, 0.979727149, -0.172196329, 0.102387056, 0.171263635, 0.985062599, 0.017898025, -0.103939645, 0, 0.994583607},
		},
		Priority = 1,
	};
	["HammerIdle-3"] = {
		Reference = {
			{-0, 0, -0, 1, 0, 0, 0, 0.986193776, -0.165595025, 0, 0.165595025, 0.986193776},
			{-0, 0, 0, 0.977220535, 0.0315707028, 0.209865093, 0.00606872886, 0.984311938, -0.176331878, -0.212139621, 0.173588708, 0.961698353},
			{-0.264852196, 0.870432734, -0.537210763, 0.967367172, 0.250336975, 0.0391435549, 0.136060417, -0.382901281, -0.913714468, -0.213748395, 0.889223278, -0.404467046},
			{-0.027448399, 0.145914987, -0.0645630509, 0.894377828, -0.11368975, 0.432623357, 0.247797847, 0.931123972, -0.267589927, -0.372403771, 0.346529603, 0.860948682},
			{-0.0448370874, -0.0288516507, 0.557315707, 0.997239232, 0.0086132139, -0.0737546086, 0.00138912722, 0.990912139, 0.134503186, 0.0742428452, -0.134234294, 0.988164485},
			{0.381136417, 0.102827713, -0.106616847, 0.971867681, -0.213878691, 0.0986362845, 0.226728186, 0.962966979, -0.145906314, -0.063777253, 0.164165244, 0.98436898},
		},
		Priority = 1,
	};
	["HammerIdle-4"] = {
		Reference = {
			{-0, 0, -0, 1, 0, 0, 0, 0.987562239, -0.157228529, 0, 0.157228529, 0.987562239},
			{-0, 0, 0, 0.969392896, 0.0518834442, 0.239970028, 0, 0.9774158, -0.211325124, -0.245514765, 0.204857066, 0.947499931},
			{-0.264852226, 0.870432734, -0.537210822, 0.967367113, 0.250336975, 0.0391435996, 0.136060432, -0.382901251, -0.913714528, -0.213748366, 0.889223278, -0.404467046},
			{-0.0274483953, 0.145915002, -0.0645630658, 0.894377768, -0.11368975, 0.432623297, 0.247797877, 0.931124032, -0.267589897, -0.3724038, 0.346529603, 0.860948801},
			{-0.0448370837, -0.034096539, 0.60215199, 0.997239232, 0.0086132139, -0.0737546086, 0, 0.993249893, 0.115993753, 0.0742558464, -0.11567352, 0.990507782},
			{0.402613461, 0.0456209853, -0.0184418019, 0.979727149, -0.172196329, 0.102387056, 0.171263635, 0.985062599, 0.017898025, -0.103939645, 0, 0.994583607},
		},
		Priority = 1,
	};
	["GreatSwordIdle1"] = {
		Reference = {
			{0, 0, 0, 0.865650296, 0.0348968357, 0.499431491, -0.012763828, 0.998781919, -0.0476648286, -0.500486434, 0.0348864272, 0.865041196},
			{0, 0, 0, 0.866025388, 0, -0.5, -0.0435778685, 0.99619472, -0.0754790828, 0.49809736, 0.087155737, 0.862729907},
			{-0.329621345, 0.0252231713, 0.18971771, 0.711172044, 0.426329762, 0.558996558, -0.485118717, 0.87309134, -0.0486978143, -0.508816302, -0.236547172, 0.827738643},
			{0.42713517, 0.632966101, 0.607924819, 0.752336621, -0.564660966, -0.339333892, 0.566990018, 0.292734981, 0.769953549, -0.335427821, -0.771663189, 0.540392399},
			{-0.196212053, 0.107592702, -0.362010747, 0.936116934, 0.087155737, -0.340718478, -0.167630225, 0.962250173, -0.2144171, 0.309168726, 0.257834166, 0.915388644},
			{1.49011612e-08, -2.79396772e-09, 0.400000125, 0.862730026, -0.087155737, -0.498097181, 0.118769631, 0.992403924, 0.0320669077, 0.491518766, -0.086823903, 0.866528094},
			{0, 0, 0, 1, 0, 0, 0, 1, 0, 0, 0, 1},
		},
		Modifier = {
			{0, 0, 0, 0, 0, 0},
			{0, 0, 0, 0, 0, 0},
			{0, 0, 0, 0, 0, 0},
			{0, 0, 0, 0, 0, 0},
			{0, 0, 0, 0, 0, 0},
			{0, 0, 0, 0, 0, 0},
			{0, 0, 0, 0, 0, 0},
		},
		Priority = 1,
	};
	["GreatSwordIdle2"] = {
		Reference = {
			{-0.00342750549, -0.0998778343, -0.00354957581, 0.874253154, 0.034282662, 0.484258145, -0.0127638262, 0.998781919, -0.0476648211, -0.485302269, 0.0354901552, 0.873625755},
			{0, 0, 0, 0.866025388, 0, -0.5, 0.0087262094, 0.99984777, 0.0151142254, 0.499923885, -0.0174524188, 0.865893483},
			{-0.329621404, 0.0383957475, 0.187496126, 0.711172044, 0.426329762, 0.558996558, -0.519430161, 0.854463935, 0.00916086137, -0.473736763, -0.296874642, 0.829119325},
			{0.401737779, 0.636508286, 0.621391535, 0.734165549, -0.570194602, -0.368617594, 0.59831053, 0.286649793, 0.748235464, -0.320975661, -0.76987648, 0.551601827},
			{-0.185504913, 0.20236516, -0.331950188, 0.936116695, 0.0871557593, -0.340718269, -0.167630166, 0.962250292, -0.214417011, 0.309168696, 0.257834256, 0.915388405},
			{-0.00751495361, 0.0996403694, 0.396088839, 0.862729728, -0.0871557519, -0.498097003, 0.118769608, 0.992404044, 0.0320669226, 0.491518617, -0.0868238807, 0.866527796},
			{0, 0, 0, 1, 0, 0, 0, 1, 0, 0, 0, 1},
		},
		Modifier = {
			{0, 0, 0, 0, 0, 0},
			{0, 0, 0, 0, 0, 0},
			{0, 0, 0, 0, 0, 0},
			{0, 0, 0, 0, 0, 0},
			{0, 0, 0, 0, 0, 0},
			{0, 0, 0, 0, 0, 0},
			{0, 0, 0, 0, 0, 0},
		},
		Priority = 1,
	};
	-- Greatsword Slashes
	["Slash-001"] = {
		Reference = {
			{0, 0, 0, 0.707105756, 1.93854535e-14, 0.707105935, 0.241844654, 0.939692497, -0.241844594, -0.664462149, 0.342020273, 0.66446197},
			{0.0999947488, 6.33299351e-08, -0.0999989957, 0.707102656, 0.241840735, -0.664460242, 4.10930738e-07, 0.939693749, 0.342016309, 0.707102895, -0.241841272, 0.664459825},
			{-0.299183965, 0.265774637, 0.282520711, 0.491170228, 0.56517899, 0.662813604, -0.852341413, 0.468744546, 0.23192367, -0.179611892, -0.678859651, 0.71195817},
			{0.00577270985, 1.27359152, 0.622705579, 0.435591459, -0.3498016, -0.82938987, 0.676799297, -0.480198085, 0.557975531, -0.593452573, -0.804391921, 0.0275714695},
			{-0.57273823, -0.0886565298, 0.149129629, 0.93576014, 0.352548599, 0.00791103672, -0.349393129, 0.929953873, -0.114500068, -0.0477237403, 0.104380526, 0.993391752},
			{-0.1241633, 0.151271135, 0.779798627, 0.757777989, 0.132416427, -0.638935447, 0.12301939, 0.932640791, 0.339186579, 0.640811086, -0.335629553, 0.690444827},
			{0, 0, 0, 1, 0, 0, 0, 1, 0, 0, 0, 1},
		},
		Modifier = {
			{0, 0, 0, 0, 0, 0},
			{0, 0, 0, 0, 0, 0},
			{0, 0, 0, 0, 0, 0},
			{0, 0, 0, 0, 0, 0},
			{0, 0, 0, 0, 0, 0},
			{0, 0, 0, 0, 0, 0},
			{0, 0, 0, -math.rad(5), 0, 0},
		},
		Priority = 1,
	};
	["Slash-002"] = {
		Reference = {
			{0, 0, 0, 0.984805524, 3.0167092e-14, 0.173648104, 0.0593911745, 0.939692497, -0.336823583, -0.163175851, 0.342020273, 0.925414205},
			{0.187932163, 5.55068254e-07, -0.068401888, 0.906301081, 0.144540071, -0.397129178, 1.80029804e-06, 0.939693689, 0.342016667, 0.422615051, -0.309971124, 0.851644754},
			{0.184334233, 0.361697167, 0.415257007, -0.447773933, -0.591798782, 0.670278192, -0.820647597, 0.569637537, -0.0452853814, -0.355015814, -0.570339859, -0.740727007},
			{0.330251753, 0.679136217, 0.237194091, 0.840934634, -0.508446634, -0.185203344, 0.160487011, -0.092508629, 0.982685566, -0.516776443, -0.856108785, 0.0038017258},
			{-0.427298337, -0.201930225, 0.335160196, 0.96161747, 0.173743203, 0.212379888, -0.111242428, 0.954386532, -0.277076721, -0.250832707, 0.24281615, 0.93708235},
			{0.623371899, -0.0205040462, 0.1238674, 0.981062114, -0.193690091, 0.00110613974, 0.193632096, 0.980592787, -0.030729996, 0.00486742239, 0.0303622205, 0.999527097},
			{0, 0, 0, 1, 0, 0, 0, 1, 0, 0, 0, 1},
		},
		Modifier = {
			{0, 0, 0, 0, 0, 0},
			{0, 0, 0, 0, 0, 0},
			{0, 0, 0, 0, 0, 0},
			{0, 0, 0, 0, 0, 0},
			{0, 0, 0, 0, 0, 0},
			{0, 0, 0, 0, 0, 0},
			{0, 0, 0, -math.rad(15), 0, 0},
		},
		Priority = 1,
	};
	["Slash-003"] = {
		Reference = {
			{0, 0, 0, 0.165687919, 1.70182659e-08, -0.986178339, -2.76326375e-07, 1, -2.91688735e-08, 0.986178339, 2.77340007e-07, 0.165687919},
			{-0.0756042302, 0.0208108239, -0.178096429, 0.358745217, -0.0755044743, 0.930376828, -0.0790853724, 0.990680695, 0.110893063, -0.930079281, -0.11336156, 0.34943068},
			{0.689892232, 0.955623984, 0.137758702, 0.234852076, -0.955121994, -0.180517793, -0.472781777, -0.274506509, 0.837331414, -0.849306822, -0.111303598, -0.516032755},
			{0.484726727, 0.306100309, 0.156142443, 0.355044484, -0.825126112, -0.43944338, 0.802031219, 0.510359645, -0.310288608, 0.48030141, -0.242281005, 0.842977166},
			{-0.269293606, -0.288069129, 0.434933424, 0.921319425, 0.0527616888, 0.385209948, 0.0973343998, 0.927902997, -0.359891623, -0.376425952, 0.369069308, 0.849759579},
			{0.46187675, 0.244599581, -0.630746603, 0.798597097, -0.213524371, 0.562706947, 0.397946, 0.888744533, -0.227529213, -0.451519877, 0.405635566, 0.794719756},
			{0, 0, 0, 1, 0, 0, 0, 1, 0, 0, 0, 1},
		},
		Modifier = {
			{0, 0, 0, 0, 0, 0},
			{0, 0, 0, 0, 0, 0},
			{0, 0, 0, 0, 0, 0},
			{0, 0, 0, 0, 0, 0},
			{0, 0, 0, 0, 0, 0},
			{0, 0, 0, 0, 0, 0},
			{0, 0, 0, -math.rad(25), 0, 0},
		},
		Priority = 1,
	};
	["Slash-004"] = {
		Reference = {
			{0, 0, 0, -0.258817792, -1.26440483e-07, -0.965922773, -3.55488027e-07, 0.99999994, -1.38886321e-07, 0.965922654, 1.26440597e-07, -0.258817822},
			{-0.0214781761, -0.0672492981, 0.0920622349, 0.28433162, 0.00434517674, 0.958716154, 0.153233767, 0.986928403, -0.0499183908, -0.946401119, 0.161101043, 0.279949099},
			{0.746055126, 0.85379082, 0.360194564, 0.372633427, -0.847774804, 0.37738359, 0.132664874, 0.451166898, 0.882517457, -0.918439388, -0.27879408, 0.2805897},
			{0.474247694, 0.345976233, 0.20833683, 0.175300717, -0.716721058, -0.674961567, 0.575008214, 0.631033242, -0.520724893, 0.79913789, -0.296829164, 0.522741318},
			{-0.296443939, -0.162178516, 0.122302532, 0.842164695, 0.0527615026, 0.536620378, 0.157257617, 0.927903116, -0.338029772, -0.51576668, 0.36906898, 0.773149729},
			{0.46187675, 0.244599581, -0.630746603, 0.798597097, -0.213524371, 0.562706947, 0.397946, 0.888744533, -0.227529213, -0.451519877, 0.405635566, 0.794719756},
			{0, 0, 0, 1, 0, 0, 0, 1, 0, 0, 0, 1},
		},
		Modifier = {
			{0, 0, 0, 0, 0, 0},
			{0, 0, 0, 0, 0, 0},
			{0, 0, 0, 0, 0, 0},
			{0, 0, 0, 0, 0, 0},
			{0, 0, 0, 0, 0, 0},
			{0, 0, 0, 0, 0, 0},
			{0, 0, 0, -math.rad(45), 0, 0},
		},
		Priority = 1,
	};
	--dagger idle
	["DaggerIdle-1"] = {
		Reference = {
			{0, 0.1992836, 0, 0.896160007, 0, 0.44373107, 0, 1, 0, -0.44373107, 0, 0.896160007},
			{0, -0, -0, 0.886410117, 0, -0.462900698, 0, 1, 0, 0.462900698, 0, 0.886410117},
			{-0, 0, 0, 0.874193907, 0.161280558, 0.458010495, -0.223893717, 0.970858693, 0.0854694545, -0.430878907, -0.177262545, 0.884828448},
			{-0.195661098, -2.98023224e-08, 0.37738353, 0.695878386, 0.0479442403, -0.716557443, 0.178110704, 0.955074549, 0.23687382, 0.695722461, -0.292461962, 0.656076252},
			{-0, 0, 0, 0.999722183, 4.53768975e-15, 0.0235554278, 5.11288908e-15, 1, -4.44131816e-15, -0.0235554278, -4.19960756e-15, 0.999722183},
			{1.49011612e-08, 0.0704040974, 0.388661206, 0.861244977, 0, -0.508189976, 0.030940149, 0.998144865, 0.0524352044, 0.50724721, -0.0608830452, 0.859647214},
			{0, 0, 0, 1, 0, 0, 0, 1, 0, 0, 0, 1},
			{0, 0, 0, 1, 0, 0, 0, 1, 0, 0, 0, 1},
		},
		Modifier = {
			{0, 0, 0, 0, 0, 0},
			{0, 0, 0, 0, 0, 0},
			{0, 0, 0, 0, 0, 0},
			{0, 0, 0, 0, 0, 0},
			{0, 0, 0, 0, 0, 0},
			{0, 0, 0, 0, 0, 0},
			{0, 0, 0, 0, 0, 0},
			{0, 0, 0, 0, 0, 0},
			},
		Priority = 1,
	};

	["DaggerIdle-2"] = {
		Reference = {
			{-4.65661287e-10, 0.0586093776, -0.0171383787, 0.896160007, 0, 0.44373107, -0.0234723128, 0.998599887, 0.0474047251, -0.44310981, -0.0528976098, 0.894905329},
			{0.00162964477, 0.0407266244, 0.00290298136, 0.890111804, 0.0158098862, -0.455465674, -0.067740202, 0.992885828, -0.0979192704, 0.450677723, 0.118012547, 0.884850979},
			{-0, 0, 0, 0.897816718, 0.0145937949, 0.440127403, -0.0318553932, 0.998984635, 0.0318574235, -0.439215571, -0.0426225662, 0.89737004},
			{-0.195898786, -0.0115331048, 0.238314897, 0.694765806, -0.0874219835, -0.713903308, 0.0553788319, 0.996141076, -0.0680894479, 0.717100978, 0.00777107477, 0.696926057},
			{0.00657822471, 0.111419916, 0.081685707, 0.95810771, 0.0224608947, -0.285508215, -0.113661349, 0.944865525, -0.30709362, 0.262870014, 0.326681226, 0.907837033},
			{0.190430224, 0.160746932, 0.570732713, 0.982837677, -0.0202763937, -0.183327466, -0.00164388679, 0.992934287, -0.118633844, 0.184438422, 0.116899781, 0.975861907},
		},
		Priority = 1,
	};

	["DaggerIdle-3"] = {
		Reference = {
			{0, 0.1992836, 0, 0.896160007, 0, 0.44373107, 0, 1, 0, -0.44373107, 0, 0.896160007},
			{0, -0, -0, 0.886410117, 0, -0.462900698, 0, 1, 0, 0.462900698, 0, 0.886410117},
			{-0, 0, 0, 0.874193907, 0.161280558, 0.458010495, -0.223893717, 0.970858693, 0.0854694545, -0.430878907, -0.177262545, 0.884828448},
			{-0.195661098, -2.98023224e-08, 0.37738353, 0.695878386, 0.0479442403, -0.716557443, 0.178110704, 0.955074549, 0.23687382, 0.695722461, -0.292461962, 0.656076252},
			{-0, 0, 0, 0.999722183, 4.53768975e-15, 0.0235554278, 5.11288908e-15, 1, -4.44131816e-15, -0.0235554278, -4.19960756e-15, 0.999722183},
			{1.49011612e-08, 0.0704040974, 0.388661206, 0.861244977, 0, -0.508189976, 0.030940149, 0.998144865, 0.0524352044, 0.50724721, -0.0608830452, 0.859647214},
		},
		Priority = 1,
	};
	["DaggerSlash-1;1"] = {
		Reference = {
			{0, 0, -0, 0.999793947, -0.00423234981, -0.0197567958, 2.60476014e-14, 0.977815032, -0.209469691, 0.0202050451, 0.20942685, 0.977613568},
			{-0, 0, 0, 0.999994516, 0.00332951057, 0.000276142528, -0.00332950917, 0.986329973, 0.164748654, 0.000276164821, -0.164748654, 0.986335576},
			{0.243552148, 1.44523954, 0.150298566, 0.627048433, -0.270990431, -0.730324984, 0.765540421, 0.040969044, 0.642082214, -0.144077405, -0.961709797, 0.233143672},
			{0.687463045, 1.1553762, 0.191056311, 0.460965723, -0.189879552, 0.866856754, -0.883958697, -0.184307083, 0.429688156, 0.0781820565, -0.964351952, -0.252806276},
			{-0.0175763369, -0.154868558, 0.869716644, 0.999988019, -0.00281464681, 0.00019694306, 0.00281462306, 0.990248919, -0.13927725, 0.000197008252, 0.139278442, 0.990245104},
			{-0.000501155853, -0.0240964871, 0.0248055458, 0.999937713, -0.0107285241, 0.00308293477, 0.0107285166, 0.847388268, -0.530865371, 0.00308295968, 0.530865431, 0.847450554},
			{0, 0, 0, 1, 0, 0, 0, 1, 0, 0, 0, 1},
			{0, 0, 0, 1, 0, 0, 0, 1, 0, 0, 0, 1},
		},
		Modifier = {
			{0, 0, 0, 0, 0, 0},
			{0, 0, 0, 0, 0, 0},
			{0, 0, 0, 0, 0, 0},
			{0, 0, 0, 0, 0, 0},
			{0, 0, 0, 0, 0, 0},
			{0, 0, 0, 0, 0, 0},
			{0, 0, 0, 0, math.rad(90), 0},
				{0, 0, 0, 0, -math.rad(90), 0},
				},
		Priority = 1,
	};

	["DaggerSlash-1;2"] = {
		Reference = {
			{-0.00337902852, -0.0418442562, 0.167202055, 0.999793231, -0.00490423758, -0.0196008105, 3.56424315e-14, 0.970095515, -0.242722988, 0.0202050339, 0.242673457, 0.969894886},
			{-0, 0, 0, 0.999987125, 0.00503766583, 0.000637923542, -0.00503766257, 0.9684214, 0.249268323, 0.000637951714, -0.249268353, 0.968434215},
			{0.0638952255, 0.574647725, 0.55798018, 0.599953949, -0.169680357, 0.781833708, -0.7983073, -0.19115302, 0.571109533, 0.0525438078, -0.966782987, -0.250140041},
			{-0.285631716, 0.779284477, 0.429491103, 0.523991108, 0.232269019, -0.819441557, 0.850668073, -0.190603495, 0.489932746, -0.0423922129, -0.953793228, -0.297458351},
